,Session,Region,Cell_IDs,Prop_Cells,Prop_Pyr,Prop_Wide_In,Prop_Narrow_IN,Mean_Degree,Clustering_Coeff
0,Lederberg_2017-12-05,VISam,"[404 407 411 412 413 421 422 423 424 425 426 432 433 434 441 442 447 448
 451 458 462 463 466 471 477 485 488 496 498 501 505 509 515 518 523 525
 526 529 535 536 537 543 549 553 557 558 562 566 570 571 581 585 608 620
 628 631 636 641 644]",0.7468354430379747,0.06779661016949153,0.7796610169491526,0.15254237288135594,7.921052631578948,0.2948557504294682
1,Lederberg_2017-12-05,VISp,"[  1   2   4   8   9  12  13  15  16  17  21  23  24  38  41  47  51  55
  61  88  89 100 109 110 118 120 122 129 133 135 137 141 150 173 180 181
 183 184 190 214]",0.6060606060606061,0.25,0.5,0.25,7.84,0.4531138721884449
2,Lederberg_2017-12-05,ACA,[235 296 299 300 304 316 321 332],0.5,0.0,0.75,0.25,2.1538461538461537,0.17948717948717946
3,Lederberg_2017-12-05,MOs,[322],0.16666666666666666,0.0,0.0,1.0,1.5,0.0
4,Lederberg_2017-12-05,PL,"[226 228 230 236 239 241 247 248 249 251 252 253 255 264 266 267 268 272
 273 274 275 278 279 282 286 292 301 302 303 317 334 335 336 337 345 353
 374 375 378 383 387 388 390]",0.7678571428571429,0.20930232558139536,0.6976744186046512,0.09302325581395349,5.32,0.2823564213564214
5,Lederberg_2017-12-05,LGd,[ 62  71  79 154 158],0.45454545454545453,0.0,0.2,0.8,1.75,0.29166666666666663
6,Lederberg_2017-12-05,LH,[465 472 474 551 599 601 602 603 617],0.5,0.0,0.3333333333333333,0.6666666666666666,2.5714285714285716,0.3333333333333333
7,Lederberg_2017-12-05,MD,"[405 409 410 416 417 418 419 420 427 428 429 430 431 436 445 446 449 450
 452 459 461 467 468 470 473 475 479 481 483 489 490 491 497 499 500 503
 504 506 510 514 516 519 521 527 528 530 531 534 539 540 541 544 545 546
 550 552 555 556 559 561 563 565 568 572 573 574 575 576 577 578 579 580
 583 584 587 588 591 592 594 597 600 607 609 610 611 612 613 616 619 622
 623 624 626 627 630 632 635 638 639 640 642 643 645 647 648 649 651 655
 656 660 662 665 667 671 673 678 680 682]",0.9365079365079365,0.11864406779661017,0.864406779661017,0.01694915254237288,12.714285714285714,0.16828295407560112
8,Lederberg_2017-12-05,CA1,"[403 406 414 437 439 453 455 460 480 486 487 494 508 524 532 542 564 567
 582 586 593 598 652 661 677]",0.5,0.6,0.24,0.16,6.647058823529412,0.5186765387212958
9,Lederberg_2017-12-05,DG,"[  3   7  11  20  26  39  42  57  64  69  74  78  87  96 104 107 126 127
 134 139 143 149 155 159 164 166 179 185 186 197 200 202 213 221 415 435
 440 443 457 469 482 512 517 520 522 538 554 595 596 614 618 634]",0.8,0.34615384615384615,0.3269230769230769,0.3269230769230769,6.852459016393443,0.3267898860854249
10,Lederberg_2017-12-05,SUB,"[  6  10  14  18  19  22  28  29  30  31  32  33  34  37  40  43  44  46
  49  50  52  53  56  60  65  66  68  72  73  75  76  77  80  81  82  83
  84  85  86  90  91  92  94  97  98  99 101 102 103 105 108 111 112 114
 115 116 117 119 124 125 131 132 140 142 144 145 146 147 148 151 152 153
 156 157 160 161 162 163 165 167 168 169 170 175 176 177 187 189 191 192
 201 204]",0.8761904761904762,0.34782608695652173,0.5652173913043478,0.08695652173913043,10.711538461538462,0.30680530435147835
11,Lederberg_2017-12-06,VISam,"[  0   1  20  21  43  53  60  72  73  92 104 108 109 113 117 118 127 129
 152 160 165 174 233]",0.6764705882352942,0.08695652173913043,0.6521739130434783,0.2608695652173913,3.3333333333333335,0.29253968253968254
12,Lederberg_2017-12-06,ACA,"[499 503 505 519 523 524 539 541 551 554 569 587 590 620 623 624 626 638
 648 649 660 663 664 685 688 699 709 712 717 725 733 751 757 761 764 765
 789 819 863 886 891 895 902 906]",0.7586206896551724,0.2727272727272727,0.5909090909090909,0.13636363636363635,5.7407407407407405,0.26996336996336995
13,Lederberg_2017-12-06,MOs,"[520 534 555 559 563 567 591 593 600 603 634 641 652 668 673 686 714 715
 731 738 755 768 769 805 817 870 885 898]",0.6086956521739131,0.07142857142857142,0.8571428571428571,0.07142857142857142,4.2439024390243905,0.28476577622919086
14,Lederberg_2017-12-06,PL,"[500 501 502 504 506 507 508 511 512 514 515 516 517 522 525 528 530 531
 536 538 542 543 544 545 547 548 549 550 552 553 556 557 558 560 562 564
 565 568 571 572 575 577 578 579 580 581 583 584 585 586 588 598 602 604
 605 606 607 608 610 611 612 614 616 617 627 632 635 636 640 642 645 650
 653 654 656 659 662 669 670 671 672 676 679 680 683 687 689 690 698 701
 702 704 705 707 710 711 716 718 721 726 727 734 736 737 742 743 744 745
 746 749 750 752 753 754 756 758 759 763 774 776 777 779 783 786 787 792
 794 795 798 799 800 803 807 809 814 815 816 820 823 827 831 833 834 836
 838 842 843 856 873 874 875 879 882 883 887 890 896 908 910 912 914 915
 916 933 938 948 953 962 976]",0.9184782608695652,0.14792899408284024,0.7928994082840237,0.05917159763313609,18.11111111111111,0.24105568632752541
15,Lederberg_2017-12-06,LGd,"[  6   7  11  12  13  16  17  23  27  29  30  32  33  34  36  37  39  40
  41  42  44  45  46  47  48  51  52  56  57  58  59  62  64  65  66  71
  75  76  77  82  83  85  87  89  90  91  94  95  96  97  98  99 100 102
 103 105 106 107 110 114 115 116 120 121 123 124 125 126 130 131 132 133
 134 136 137 138 140 141 142 143 144 150 151 153 154 155 157 159 161 162
 163 164 166 168 169 170 171 172 173 175 176 177 178 179 180 181 182 185
 186 188 190 191 192 193 195 196 197 198 199 200 201 202 203 204 205 206
 207 208 209 210 211 212 213 214 215 218 219 220 221 224 227]",0.94,0.1347517730496454,0.2695035460992908,0.5957446808510638,15.006711409395972,0.1897762438138034
16,Lederberg_2017-12-06,CA1,"[  5   8  10  14  15  25  26  28  31  35  55  67  68  78  79  93 112 156
 194 222 232 240 243 245]",0.7058823529411765,0.25,0.5833333333333334,0.16666666666666666,3.75,0.19739583333333335
17,Lederberg_2017-12-06,DG,[  4  18  19  22  24  74 122 148],0.47058823529411764,0.25,0.0,0.75,2.3333333333333335,0.11944444444444445
18,Lederberg_2017-12-06,MB,"[250 259 263 265 269 270 287 292 295 298 299 306 310 319 325 327 328 333
 334 336 337 339 345 346 351 359 363 371 376 406 407 408 409 412 424 428
 435 438 440 444 446 455 456 457 458 467 478 479 489]",0.7777777777777778,0.08163265306122448,0.40816326530612246,0.5102040816326531,6.426229508196721,0.3448323079470621
19,Lederberg_2017-12-06,MRN,"[253 261 262 268 271 273 278 280 282 289 290 312 326 332 364 366 378 382
 386 387 388 389 390 391 392 411 413 415 426 431 445 450 453 464 482]",0.6862745098039216,0.0,0.11428571428571428,0.8857142857142857,5.466666666666667,0.37903442236775575
20,Lederberg_2017-12-06,RN,"[252 272 276 281 283 285 291 294 304 311 324 335 347 352 353 355 361 365
 369 375 393 394 395 396 398 399 400 401 402 403 404 414 416 417 418 419
 420 425 427 429 434 439 442 452 472 495]",0.7931034482758621,0.0,0.10869565217391304,0.8913043478260869,6.036363636363636,0.3838959020777202
21,Lederberg_2017-12-06,SCs,"[251 258 264 275 277 300 303 307 308 314 317 322 330 348 357 368 380 383
 433 463 466]",0.65625,0.047619047619047616,0.2857142857142857,0.6666666666666666,3.52,0.3065396825396825
22,Lederberg_2017-12-06,SCm,"[254 255 256 260 284 293 297 301 313 315 316 318 323 329 338 340 341 342
 349 356 362 370 381 384 385 422 443 448 476]",0.6444444444444445,0.0,0.10344827586206896,0.896551724137931,5.2,0.3205265567765568
23,Lederberg_2017-12-06,ZI,[  9  70  80 101 128 167 183 217],0.5333333333333333,0.0,0.0,1.0,2.888888888888889,0.4444444444444444
24,Lederberg_2017-12-06,MS,[509 613 631 655 720 760 853 855 857 861 865],0.4782608695652174,0.09090909090909091,0.18181818181818182,0.7272727272727273,3.5,0.3449404761904762
25,Lederberg_2017-12-07,VISp,"[366 367 369 371 375 377 378 388 398 402 415 428 430 431 432 444 449 450
 451 455 464 478 479 481 485 486 490 494 520 526]",0.7142857142857143,0.06666666666666667,0.7,0.23333333333333334,3.8378378378378377,0.22857142857142862
26,Lederberg_2017-12-07,MOs,"[  1   3   6   9  11  12  14  15  16  18  19  20  24  30  31  32  33  35
  38  41  44  45  46  48  54  56  58  62  63  64  65  69  70  72  75  76
  77  79  84  86  88  94  99 103 106 113 117 119 121 123 125 127 130 131
 133 135 136 140 142 143 145 147 149 152 153 156 157 162 165 166 170 174
 176 177 178 179 180 183 185 191 192 193 202 203 206 209 211 212 213 214
 215 216 217 222 226 227 228 230 231 232 233 234 236 237 240 241 242 243
 248 250 251 252 254 255 257 258 259 262 263 264 267 269 271 272 274 275
 277 278 280 284 287 288 291 293 300 301 303 307 309 311 312 313 316 318
 319 320 321 325 331 332 340 342 343 345 347 353 355]",0.8440860215053764,0.14012738853503184,0.8152866242038217,0.044585987261146494,16.710843373493976,0.20936884180133467
27,Lederberg_2017-12-07,ORB,"[  0   2   4   5  10  13  21  23  25  26  27  28  34  36  39  40  43  47
  49  51  52  53  55  57  59  60  61  66  67  68  71  74  80  81  82  83
  85  87  89  90  91  92  96  97  98 100 101 102 104 105 107 108 109 110
 111 112 114 115 116 118 120 122 124 126 128 129 132 134 137 138 139 141
 144 146 148 150 151 155 158 160 163 164 167 168 172 173 175 181 184 186
 188 189 190 194 195 196 197 198 199 200 201 204 207 208 218 219 220 221
 224 225 229 235 238 239 244 246 247 249 256 260 261 265 266 270 273 276
 279 285 286 290 292 294 295 297 298 299 302 305 310 314 323 329 333 335
 338 341 344 351 356]",0.8764705882352941,0.20134228187919462,0.6510067114093959,0.1476510067114094,17.005917159763314,0.2798457968794465
28,Lederberg_2017-12-07,RSP,"[558 562 564 565 566 571 580 583 584 587 589 590 593 599 600 609 614 616
 618 619 620 626 634 635 651 653 659 663 666 667 672 673 675 676 677 679
 680 681 687 690 692 693 694 695 697 700 701 702 703 704 705 709 715 717
 718 720 724 726 728 730 736 738 740 743 744]",0.7647058823529411,0.23076923076923078,0.5538461538461539,0.2153846153846154,7.7105263157894735,0.21011315011640894
29,Lederberg_2017-12-07,CA1,"[559 560 561 569 572 573 576 578 579 586 592 594 595 596 597 598 602 603
 604 606 607 608 610 611 612 613 615 617 621 622 628 629 633 638 642 643
 645 646 648 649 650 654 655 657 660 661 664 669 670 678 686 688 689 696
 714 719 722 723 732 735 737 746 747]",0.6363636363636364,0.36507936507936506,0.3968253968253968,0.23809523809523808,7.513513513513513,0.2621823024686802
30,Lederberg_2017-12-07,MRN,"[359 363 365 372 380 382 385 386 387 390 391 399 400 403 405 406 408 409
 412 413 416 422 423 427 429 434 438 452 457 458 463 465 467 472 476 480
 488 495 500 501 502 504 508 522 528 532 533 535 536 538 540 541 543 544
 545 546 547 548 550 552 554]",0.8472222222222222,0.0,0.16393442622950818,0.8360655737704918,7.314285714285714,0.3552153915179125
31,Lederberg_2017-12-07,PAG,[570 575 582 588 591 713],0.42857142857142855,0.0,0.16666666666666666,0.8333333333333334,2.4444444444444446,0.2777777777777778
32,Lederberg_2017-12-07,SCs,"[361 370 373 374 379 381 392 393 396 401 410 420 421 425 426 441 446 447
 454 461 462 466 471 484 496 497 513]",0.7297297297297297,0.0,0.07407407407407407,0.9259259259259259,4.0606060606060606,0.27190957190957193
33,Lederberg_2017-12-07,SCm,"[360 362 368 376 383 384 389 394 395 404 418 419 433 440 442 445 456 460
 468 469 470 473 474 489 493 499 505 506 507 510 512 515 516 519 525 534
 542 549]",0.7916666666666666,0.0,0.15789473684210525,0.8421052631578947,5.0212765957446805,0.1935080286144116
34,Lederberg_2017-12-08,LGd,"[330 344 345 346 349 352 355 371 379 381 383 385 386 389 390 392 393 394
 396 397 398 403 405 417 419 422 423 431 437 439 440 441 442 443 449 450
 455 461 467 469 470 474 481 483 485 487 488 490 492 493 494 502 503 510
 512 516 517 520 522 531 539 545 548 549 550 559 564 566 570 573 574 576
 580 584 587 588 591 592 595 600 602 605 607 612 620 626 627 634 637 645
 649 654 655 660 665 669 673 680 686 687 688 693 705 712]",0.859504132231405,0.08653846153846154,0.46153846153846156,0.4519230769230769,12.016806722689076,0.20381123559616646
35,Lederberg_2017-12-08,VPM,"[329 331 332 333 334 336 337 338 341 353 356 358 361 362 365 368 373 376
 377 378 380 382 384 387 391 395 401 402 410 411 413 416 424 427 429 430
 434 436 445 446 447 448 453 456 457 458 459 465 468 472 473 476 478 479
 482 484 486 491 495 496 497 498 499 504 508 509 511 514 518 521 523 524
 525 526 527 528 529 530 534 535 536 538 541 542 546 551 552 554 556 560
 561 563 565 569 571 572 575 577 579 582 585 586 593 594 597 598 601 603
 606 609 610 611 613 618 622 624 625 630 631 633 635 636 644 646 647 651
 657 658 662 664 666 667 668 671 674 679 681 682 685 690 691 692 694 698
 706 711 713 716 720]",0.9197530864197531,0.2751677852348993,0.22818791946308725,0.4966442953020134,16.211180124223603,0.28128444423860827
36,Lederberg_2017-12-08,CA3,[513],0.3333333333333333,0.0,0.0,1.0,1.0,0.0
37,Lederberg_2017-12-08,MB,"[340 347 350 354 360 363 364 366 372 374 414 421 425 426 428 435 475 480
 489 557 558 614 617 632 641 663 672 675 677 717 729]",0.6888888888888889,0.0967741935483871,0.12903225806451613,0.7741935483870968,4.256410256410256,0.24052059052059052
38,Lederberg_2017-12-08,ZI,"[342 343 367 375 388 400 406 407 415 432 451 454 460 463 464 466 471 501
 505 506 507 515 519 544 553 555 589 590 623 643 650 656 661 670 683 697
 721 726 728 733 737 738]",0.7636363636363637,0.0,0.07142857142857142,0.9285714285714286,6.0,0.47035082972582987
39,Lederberg_2017-12-08,GPe,"[  2  10  15  18  19  22  26  31  36  38  43  44  48  53  56  57  60  61
  63  68  70  72  74  76  77  79  82  83  87  89  94  96  97 103 105 111
 115 118 120 124 125 126 129 131 135 136 137 139 140 144 147 151 152 157
 158 159 160 166 167 168 170 171 172 175 176 177 179 181 186 188 191 192
 193 198 199 203 204 205 206 208 212 215 216 219 221 222 225 226 227 230
 234 236 238 241 243 244 245 247 249 253 255 257 260 261 266 268 270 271
 272 274 277 279 282 283 285 289 294 295 296 298 299 300 303 304 312 323]",0.8873239436619719,0.0,0.0,1.0,14.212765957446809,0.2340234514913803
40,Lederberg_2017-12-09,SSp,[ 40  64  67  82  83  86  95 106 112 120 127 132],0.5,0.16666666666666666,0.08333333333333333,0.75,3.5,0.4354166666666667
41,Lederberg_2017-12-09,SSs,"[  0   1   2   3   4   5   6   7   8   9  10  11  12  13  14  15  16  17
  18  19  20  22  23  25  26  27  28  30  31  32  33  34  35  36  38  39
  41  42  43  44  45  46  47  48  49  50  51  52  53  54  55  56  57  58
  59  60  61  63  65  66  68  69  70  72  73  74  75  76  77  78  79  80
  81  84  85  87  88  89  91  92  93  94  97  98  99 100 101 102 103 104
 105 108 110 113 114 115 116 117 118 119 121 122 124 129 130 131 135]",0.8916666666666667,0.35514018691588783,0.5420560747663551,0.102803738317757,11.915254237288135,0.23420767685696237
42,Lederberg_2017-12-09,LGd,"[147 151 152 158 164 165 166 167 170 171 183 188 189 190 192 194 195 199
 201 202 207 217 222 228 230 243 245 248 254 274 282 286 288 294 305 306
 320 350 356 357 360 364 366 379 382 383 387 400 401 402 421 427 439 445
 459 461 471]",0.7808219178082192,0.05263157894736842,0.2807017543859649,0.6666666666666666,7.223880597014926,0.21530111679365407
43,Lederberg_2017-12-09,TH,"[145 146 148 150 154 156 157 168 169 173 174 175 178 179 181 182 184 185
 187 191 193 196 197 200 203 205 211 212 213 214 220 223 224 225 226 227
 229 232 234 235 238 239 240 242 244 247 249 250 253 255 256 257 260 263
 264 265 266 267 268 273 277 280 281 284 287 289 290 293 296 303 311 313
 314 315 321 322 323 325 326 327 328 329 331 334 335 336 337 338 347 351
 353 354 355 361 363 368 369 372 373 375 376 378 380 381 385 386 388 392
 393 395 397 398 399 403 404 405 406 407 408 411 413 414 415 418 425 429
 430 431 434 435 436 441 444 447 448 449 450 451 452 453 454 458 462 466]",0.9056603773584906,0.125,0.25,0.625,15.306666666666667,0.3286613942071806
44,Lederberg_2017-12-09,CA3,[153 160 162 177 218 259 276 310 317 332 371 377 396],0.6190476190476191,0.46153846153846156,0.15384615384615385,0.38461538461538464,2.2222222222222223,0.12037037037037036
45,Lederberg_2017-12-09,MB,"[144 149 161 176 186 208 209 219 221 231 233 236 237 241 251 252 258 262
 270 271 272 275 278 279 283 285 291 292 295 298 300 301 304 307 308 309
 312 319 324 330 339 340 343 345 352 358 359 362 367 374 394 417 419 423
 457]",0.7142857142857143,0.01818181818181818,0.10909090909090909,0.8727272727272727,7.432835820895522,0.3920847906361515
46,Lederberg_2017-12-10,LD,[ 84 366 477 528 540 543],0.5,0.0,0.0,1.0,1.7777777777777777,0.3333333333333333
47,Lederberg_2017-12-10,RT,"[ 10  26  33  35  69 103 105 123 140 153 197 201 203 241 246 249 262 279
 349 355 377 382 384 386 392 395 400 414 424 449 500 523]",0.7272727272727273,0.15625,0.25,0.59375,4.15,0.40652014652014656
48,Lederberg_2017-12-10,VPL,"[  2  47  54  90 138 169 191 192 208 209 234 244 245 281 286 297 298 299
 305 320 343 347 364 373 420 430 440 441 445 446 461 470 472 474 501 508
 538 539 541 555 559 560]",0.84,0.38095238095238093,0.38095238095238093,0.23809523809523808,5.12,0.21287012987012985
49,Lederberg_2017-12-10,VPM,"[  5  15  22  29  38  55  63  94  98 100 101 102 109 125 174 176 183 184
 198 210 214 218 219 251 254 282 295 308 312 314 327 334 346 357 378 425
 435 438 442 462 465 485 505]",0.7166666666666667,0.23255813953488372,0.13953488372093023,0.627906976744186,5.538461538461538,0.21050413261951723
50,Lederberg_2017-12-11,LGd,"[388 395 416 422 427 446 449 451 457 465 474 480 491 494 509 532 543 547
 562 566 569 570 577 580 592 614 624 639 642 643 651 653 655 656 668 675
 697 699 700 707 712 727 745 759 767 770 775 786 795 802 814 817 819 828
 829 836 838 851 858 867 869 870 876 896 918 923 946 978]",0.7640449438202247,0.14705882352941177,0.4411764705882353,0.4117647058823529,8.632911392405063,0.2888323648326783
51,Lederberg_2017-12-11,TH,"[ 396  397  399  405  408  412  418  419  421  424  433  438  443  444
  450  453  464  468  469  476  484  485  486  489  498  501  502  503
  505  522  529  531  535  537  538  546  558  565  572  573  574  582
  585  588  589  593  594  595  610  613  615  618  620  625  628  631
  635  640  644  647  648  649  661  666  673  674  676  678  679  681
  683  686  701  702  705  706  709  715  717  723  724  725  731  733
  735  736  738  741  744  747  757  763  765  768  769  771  777  779
  785  789  790  794  798  799  804  806  810  812  813  815  816  826
  827  832  834  837  840  845  848  850  854  855  862  864  871  875
  879  885  887  888  900  901  902  903  907  909  915  916  917  925
  926  932  934  935  938  943  944  947  952  955  963  968  991 1002
 1004 1005 1013 1018 1028 1030 1039 1040 1047 1063]",0.9371428571428572,0.3048780487804878,0.25609756097560976,0.43902439024390244,17.410404624277458,0.2159438249937447
52,Lederberg_2017-12-11,CA3,"[452 454 520 530 590 636 638 667 696 698 703 716 729 760 791 808 833 844
 893 911 941 949 971 998]",0.6857142857142857,0.4166666666666667,0.375,0.20833333333333334,4.266666666666667,0.3488624338624339
53,Lederberg_2017-12-11,ZI,"[ 389  390  391  394  398  401  410  413  414  420  429  430  431  436
  437  440  441  445  447  458  460  471  472  477  479  495  497  499
  504  507  512  513  515  516  517  519  524  526  536  539  541  545
  550  551  552  556  557  559  563  567  568  576  581  583  584  586
  587  597  598  600  601  604  606  616  622  632  634  641  650  657
  660  662  665  677  680  682  684  687  688  691  692  693  695  711
  713  714  719  720  721  722  728  739  740  742  748  749  752  753
  754  758  762  766  772  774  783  788  792  800  803  807  809  820
  821  831  835  839  846  847  853  859  874  877  881  883  890  891
  894  897  904  910  912  921  929  937  939  942  954  961  962  974
  976  987  989  992  994 1001 1006 1007 1017 1019 1025 1026 1034 1035
 1036 1054 1056]",0.8971428571428571,0.28662420382165604,0.2356687898089172,0.47770700636942676,17.005917159763314,0.20697138117472696
54,Lederberg_2017-12-11,ACB,"[  3   4   7  12  19  24  25  30  31  33  34  41  42  43  45  49  53  55
  59  62  71  72  76  78  80  85  87  90  91  94  95 101 102 107 108 110
 112 115 116 117 118 119 122 126 127 131 132 133 136 139 141 146 147 156
 161 167 168 169 170 175 177 179 180 181 182 183 186 189 193 195 198 199
 202 204 206 207 209 212 213 216 218 222 225 227 228 233 234 241 242 243
 247 251 257 258 260 263 265 271 273 275 281 284 286 290 297 298 301 303
 306 312 314 315 326 329 335 337 341 343 344 350 351 352 356 369 370]",0.8064516129032258,0.432,0.496,0.072,13.911764705882353,0.3326107492531576
55,Lederberg_2017-12-11,CP,"[  0   1   2   5   9  10  11  18  21  26  27  28  29  35  37  38  46  57
  61  66  67  68  69  74  75  82  83  86  88  92  93  96  97 100 103 104
 105 106 109 111 113 114 120 121 123 125 128 129 137 138 142 144 145 148
 149 151 152 154 155 157 163 165 172 173 174 176 178 187 190 191 192 194
 197 201 205 210 215 220 221 226 230 231 232 235 238 240 245 246 248 253
 259 267 268 269 272 276 277 278 283 288 291 295 296 302 307 310 316 317
 319 324 330 331 336 347 348 353 354 355 360 362 367]",0.7658227848101266,0.24793388429752067,0.628099173553719,0.12396694214876033,14.115942028985508,0.3289397023331388
56,Lederberg_2017-12-11,OT,[  6  58  77 135 171 236 239 274 280 308 323],0.4230769230769231,0.18181818181818182,0.6363636363636364,0.18181818181818182,2.823529411764706,0.3176470588235294
57,Lederberg_2017-12-11,SNr,"[ 387  404  417  423  428  432  435  439  442  448  456  459  461  466
  473  475  478  483  488  496  506  508  510  511  521  525  527  528
  533  540  548  549  553  561  564  578  596  608  621  627  630  637
  645  658  659  664  671  708  710  718  726  730  734  737  750  751
  761  764  773  778  780  796  797  823  825  830  842  857  860  863
  865  866  873  878  884  886  895  906  920  931  933  936  940  945
  951  953  956  972  973  975  979  981  982  984 1000 1014 1024 1029
 1031 1033 1048 1050 1053 1055 1057]",0.813953488372093,0.17142857142857143,0.3619047619047619,0.4666666666666667,12.516666666666667,0.4230756854514595
58,Lederberg_2017-12-11,SI,"[  8  13  16  56  60 143 150 153 159 164 188 203 214 219 229 244 249 252
 254 261 299 300 304 333 339 381 383 385]",0.5833333333333334,0.03571428571428571,0.14285714285714285,0.8214285714285714,4.611111111111111,0.384700176366843
